23.90	26.60
27.83	32.03
32.43	41.89
61.15	64.45
65.75	69.85
69.95	73.35
73.35	81.10
81.30	84.85
84.85	91.85
92.55	94.40
94.40	98.15
98.15	103.30
103.30	108.65
109.70	114.70
120.60	125.20
125.20	128.15
131.75	136.95
136.95	140.45
140.45	145.10
145.10	153.45
155.25	158.30
158.30	165.35
166.40	171.40
172.90	179.65
179.65	184.55
184.60	190.85
190.85	193.85
199.30	202.20
202.20	208.15
210.00	216.25
216.25	221.60
232.85	239.40
239.40	243.30
243.50	246.80
247.05	252.05
253.15	257.55
257.55	262.30
262.30	268.20
268.40	271.85
273.25	282.30
284.65	290.55
290.75	299.20
301.30	305.70
306.45	314.20
315.50	321.10
321.35	325.30
329.35	337.20
337.50	344.25
346.00	353.45
353.45	364.20
364.65	371.70
372.25	376.95
376.95	383.90
384.15	390.35
390.50	395.55
395.75	402.50
402.70	407.20
409.90	413.80
413.90	417.05
417.15	426.00
427.30	438.40
438.40	445.85
445.85	451.25
451.50	461.05
464.90	475.10
475.10	481.05
481.20	485.65
489.00	492.55
492.75	499.45
499.45	507.65
507.65	513.50
514.45	519.55
519.55	524.00
524.00	526.50
526.60	535.85
538.90	544.65
545.00	550.00
553.90	561.30
561.30	564.95
564.95	574.15
576.00	580.95
581.15	586.35
586.55	593.80
594.35	600.25
608.40	614.10
616.00	621.15
621.75	628.45
628.45	634.40
634.40	639.85
639.85	643.70
643.70	646.65
646.95	653.30
654.20	660.05
660.05	664.80
665.40	680.70
681.15	690.80
690.80	696.00
696.20	700.55
700.70	710.70
715.20	723.50
723.80	730.15
731.05	732.30
733.88	738.27
738.30	743.35
743.35	750.52
750.70	756.92
758.50	765.45
765.82	768.32
768.50	772.65
773.05	778.45
778.52	781.35
781.35	788.32
789.02	790.47
792.46	799.02
799.12	803.36
804.58	808.14
808.20	812.74
813.06	816.30
819.74	824.86
825.02	830.12
830.50	832.64
832.78	835.02
835.22	836.72
836.82	838.80
842.80	845.60
845.76	850.04
850.36	852.84
853.04	854.72
854.74	859.06
859.46	862.78
862.80	866.74
866.74	870.98
871.28	874.52
874.88	877.28
877.36	883.96
884.50	887.60
888.56	894.20
894.16	900.10
900.42	904.00
908.58	910.38
910.38	912.90
913.04	916.26
916.16	920.52
923.00	929.12
929.12	931.12
941.96	944.70
944.84	948.88
948.88	950.88
954.58	960.42
960.70	962.78
967.92	971.84
972.42	975.44
976.08	977.56
977.50	979.56
987.56	993.34
998.32	1003.56
1003.56	1006.56
1008.56	1013.74
1013.74	1015.92
1015.90	1019.32
1019.36	1021.32
1021.32	1023.66
1024.08	1026.94
1027.56	1031.14
1031.14	1033.56
1033.56	1037.18
1037.14	1042.32
1042.32	1045.12
1045.12	1048.24
1048.24	1053.64
1053.76	1061.50
1061.50	1066.16
1066.16	1073.62
1077.34	1081.66
1091.48	1096.70
1097.10	1100.58
1100.60	1104.74
1105.04	1112.24
1112.24	1114.36
1114.72	1119.22
1119.98	1123.10
1123.10	1125.32
1126.42	1132.34
1138.32	1142.12
1142.12	1146.16
1147.64	1153.82
1153.82	1156.40
1162.62	1166.44
1166.82	1171.88
1171.90	1181.00
1181.30	1190.24
1190.68	1194.56
1194.72	1198.86
1199.00	1206.66
1206.80	1220.40
1220.34	1222.74
1222.74	1229.30
1229.30	1231.30
1231.30	1235.04
1235.24	1242.52
1242.78	1258.08
1261.76	1267.00
1267.36	1272.16
1272.34	1275.24
1275.64	1279.70
1279.70	1283.72
1284.90	1291.70
1292.38	1299.80
1302.00	1307.78
1308.00	1311.90
1312.02	1318.08
1318.60	1323.10
1323.10	1325.84
1325.84	1327.92
1332.02	1337.98
1338.42	1345.94
1346.20	1353.40
1353.58	1359.06
1359.22	1362.46
1362.72	1370.24
1370.22	1373.08
1373.36	1378.38
1378.38	1383.40
1384.62	1387.46
1388.04	1393.40
1393.40	1397.72
1398.28	1405.14
1405.36	1416.28
1416.54	1422.12
1422.48	1425.36
1425.60	1431.48
1432.12	1436.66
1436.74	1439.94
1441.68	1447.50
1447.50	1454.04
1454.58	1456.86
1457.06	1458.86
1459.04	1461.24
1461.60	1464.42
1483.28	1486.06
1486.06	1490.02
1490.20	1494.18
1494.48	1499.38
1504.12	1510.64
1511.06	1516.26
1516.40	1521.58
1522.22	1529.88
1532.64	1540.08
1540.64	1543.92
1543.92	1550.66
1550.98	1556.76
1556.76	1558.64
1558.70	1564.44
1566.02	1575.60
1575.96	1578.66
1578.48	1585.38
1585.38	1590.34
1596.60	1600.98
1601.16	1605.08
1605.28	1611.28
1611.84	1619.74
1619.92	1622.72
1623.24	1627.04
1627.74	1633.38
1633.78	1639.00
1639.00	1646.70
1646.78	1651.84
1651.84	1653.20
1660.86	1665.76
1672.80	1678.12
1679.66	1683.42
1683.42	1686.22
1693.36	1699.54
1699.56	1703.50
1703.50	1705.84
1706.24	1710.32
1711.28	1714.80
1715.12	1719.20
1719.20	1723.86
1725.24	1729.52
1729.52	1733.40
1733.40	1735.58
1735.58	1737.46
1737.46	1741.92
1741.92	1744.04
1744.26	1747.86
1748.34	1752.36
1752.42	1755.74
1761.74	1770.94
1771.10	1774.68
1774.76	1780.46
1781.58	1784.96
1785.14	1787.54
1787.54	1791.50
1792.48	1795.52
1795.52	1800.70
1800.70	1803.32
1803.32	1807.22
1811.30	1818.28
1818.52	1828.92
1836.04	1841.22
1842.30	1853.00
1853.18	1856.86
1880.44	1885.92
1886.00	1889.38
1890.02	1893.12
1898.58	1902.86
1903.38	1906.00
1906.46	1912.62
1912.90	1915.50
1927.72	1942.68
1960.90	1964.06
1964.06	1967.50
1970.98	1974.54
1976.16	1978.94
1979.68	1983.94
1987.64	2011.76
2016.06	2023.06
2023.06	2029.14
2029.44	2034.42
2046.20	2050.60
2048.78	2063.26
2063.48	2071.62
2111.36	2118.30
2118.40	2124.14
2124.10	2126.94
2127.20	2133.84
2135.04	2143.74
2144.12	2155.44
2155.44	2159.44
2160.14	2161.90
2162.24	2168.06
2168.06	2174.20
2174.80	2186.12
2186.14	2188.74
2189.06	2201.58
2208.38	2217.28
2217.28	2222.00
2233.50	2239.90
2240.08	2247.52
2264.40	2267.10
2267.10	2270.70
2270.70	2276.40
2276.70	2279.50
2280.00	2284.46
2284.84	2290.64
2292.02	2300.02
2300.26	2306.44
2306.98	2313.14
2313.40	2319.52
2321.60	2325.36
2325.36	2327.36
2327.52	2334.70
2338.64	2342.62
2343.08	2348.04
2349.18	2353.18
2358.40	2365.86
2366.10	2371.56
2371.80	2376.76
2439.14	2444.82
2444.84	2446.82
2446.82	2451.40
2451.34	2456.24
2456.28	2462.24
2462.32	2465.76
2465.74	2468.78
2468.92	2478.46
2478.58	2484.40
2484.82	2486.72
2486.88	2488.72
2489.10	2492.62
2493.42	2494.84
2495.28	2496.84
2497.12	2505.24
2505.84	2508.38
2508.38	2510.68
2510.82	2513.68
2513.96	2519.42
2519.40	2523.10
2523.10	2527.92
2527.92	2537.12
2537.22	2547.68
2548.82	2556.94
2556.94	2564.96
2565.38	2570.54
2570.64	2575.36
2575.46	2579.34
2579.34	2587.26
2587.40	2593.02
2593.20	2596.42
2596.92	2607.68
2608.92	2614.34
2615.18	2621.56
2622.06	2624.86
2624.86	2627.78
2627.78	2630.96
2630.96	2634.34
2635.82	2637.68
2638.14	2641.50
2641.78	2649.90
2650.02	2661.72
2661.74	2668.24
2668.24	2677.10
2677.14	2686.90
2687.06	2698.94
2698.96	2703.90
2703.94	2709.30
2709.36	2715.08
2715.60	2720.24
2720.46	2724.62
2725.98	2732.44
2733.14	2744.28
2745.68	2748.48
2748.44	2751.12
2751.12	2754.26
2754.40	2763.14
2763.46	2770.82
2774.96	2778.08
2781.44	2792.04
2792.36	2798.04
2798.62	2808.16
2809.40	2813.70
2813.84	2827.72
2828.46	2830.58
2830.58	2831.74
2831.74	2841.32
2841.84	2850.94
2851.10	2853.70
2853.70	2859.24
2859.46	2861.42
2861.42	2864.16
2864.18	2873.04
2873.32	2880.18
2880.32	2886.84
2886.84	2888.40
2888.40	2889.80
2889.84	2891.80
2892.00	2896.00